image_width: 640
image_height: 480
camera_name: narrow_stereo
camera_matrix:
  rows: 3
  cols: 3
  data: [659.64931,   0.     , 272.11498,
           0.     , 759.10133, 469.72609,
           0.     ,   0.     ,   1.     ]
distortion_model: plumb_bob
distortion_coefficients:
  rows: 1
  cols: 5
  data: [0.096910, 0.068405, 0.129726, -0.012116, 0.000000]
rectification_matrix:
  rows: 3
  cols: 3
  data: [1., 0., 0.,
         0., 1., 0.,
         0., 0., 1.]
projection_matrix:
  rows: 3
  cols: 4
  data: [670.47418,   0.     , 268.51746,   0.     ,
           0.     , 637.96429, 495.42748,   0.     ,
           0.     ,   0.     ,   1.     ,   0.     ]
