image_width: 640
image_height: 480
# camera_name: narrow_stereo
camera_name: test_camera
camera_matrix:
  rows: 3
  cols: 3
  data: [519.9791 ,   0.     , 305.42997,
           0.     , 526.60277, 277.39188,
           0.     ,   0.     ,   1.     ]
distortion_model: plumb_bob
distortion_coefficients:
  rows: 1
  cols: 5
  data: [0.001017, 0.295733, 0.015698, 0.008565, 0.000000]
rectification_matrix:
  rows: 3
  cols: 3
  data: [1., 0., 0.,
         0., 1., 0.,
         0., 0., 1.]
projection_matrix:
  rows: 3
  cols: 4
  data: [561.76434,   0.     , 311.52326,   0.     ,
           0.     , 572.48944, 280.11754,   0.     ,
           0.     ,   0.     ,   1.     ,   0.     ]
